28.125 1.8661530017852783
27.375 2.8261938095092773
26.625 3.786153554916382
25.875 4.746145963668823
25.125 5.706140518188477
24.437 6.666146278381348
23.812 7.626140594482422
23.187 8.586140155792236
22.625 9.54616904258728
22.125 10.50617003440857
21.625 11.466169118881226
21.125 12.42615270614624
20.687 13.386175632476807
20.312 14.34620976448059
19.875 15.306196212768555
19.562 16.266176462173462
19.25 17.226169109344482
18.875 18.18616271018982
18.562 19.146177530288696
18.312 20.10614800453186
18.062 21.06614089012146
17.812 22.026190996170044
17.562 22.986159801483154
17.312 23.946796655654907
17.125 24.906195402145386
16.937 25.86620783805847
16.75 26.826183557510376
16.562 27.786195993423462
16.375 28.746416568756104
16.25 29.706266403198242
16.062 30.66621685028076
15.937 31.626222372055054
15.812 32.58616805076599
15.687 33.54618167877197
15.5 34.506168842315674
15.437 35.466158390045166
15.312 36.42625164985657
15.187 37.386239767074585
15.125 38.34620189666748
15.0 39.3062207698822
14.937 40.266218423843384
14.812 41.22617721557617
14.75 42.186190366744995
14.687 43.14615225791931
14.562 44.106162786483765
14.5 45.066158294677734
14.437 46.02616882324219
14.375 46.98615217208862
14.312 47.94618272781372
14.25 48.90619206428528
14.187 49.86615586280823
14.125 50.826223611831665
14.125 51.7864875793457
14.062 52.74628019332886
14.0 53.746166467666626
13.937 54.666199684143066
13.937 55.62619733810425
13.875 56.586169719696045
13.812 57.546401023864746
13.812 58.50615477561951
13.75 59.466163635253906
13.75 60.42615056037903
Traceback (most recent call last):
  File "/home/pi/Desktop/data collection.py", line 34, in <module>
    print(read_temp(),time.time()-start_time)
  File "/home/pi/Desktop/data collection.py", line 22, in read_temp
    lines = read_temp_raw()
  File "/home/pi/Desktop/data collection.py", line 17, in read_temp_raw
    lines = f.readlines()
  File "/usr/lib/python3.4/codecs.py", line 310, in decode
    def decode(self, input, final=False):
KeyboardInterrupt
>>> 
