28.812 0.8648257255554199
28.312 1.824779748916626
27.75 2.784756660461426
27.187 3.7447657585144043
26.625 4.704764366149902
26.125 5.664751768112183
25.625 6.624755144119263
25.187 7.5847601890563965
24.75 8.544749975204468
24.375 9.504782915115356
24.0 10.464771270751953
23.625 11.424764394760132
23.312 12.384757041931152
23.0 13.344767808914185
22.75 14.304774761199951
22.437 15.264790296554565
22.187 16.224780082702637
21.937 17.184842348098755
21.75 18.144795656204224
21.5 19.104855060577393
21.312 20.064757347106934
21.125 21.024820566177368
20.937 21.984911918640137
20.75 22.944743394851685
20.625 23.90477418899536
20.5 24.86477518081665
20.312 25.824759006500244
20.187 26.784756183624268
20.062 27.744858503341675
19.937 28.704846143722534
19.812 29.664809703826904
19.75 30.624813318252563
19.625 31.58481740951538
19.562 32.544856786727905
19.437 33.50496459007263
19.375 34.46486711502075
19.25 35.42483377456665
19.187 36.384849071502686
19.125 37.344749450683594
19.062 38.30489540100098
19.0 39.264771461486816
18.937 40.225141286849976
18.875 41.18476581573486
18.812 42.14504384994507
18.75 43.10478115081787
18.687 44.064757108688354
18.625 45.02482461929321
18.625 45.994821548461914
18.562 46.944823026657104
18.5 47.90501046180725
18.5 48.86504650115967
18.437 49.824766874313354
18.375 50.78478765487671
18.375 51.74514317512512
18.312 52.70478439331055
18.312 53.66475176811218
18.25 54.624772787094116
18.25 55.5847704410553
18.187 56.544762134552
18.187 57.50475573539734
18.125 58.46478199958801
18.125 59.42477989196777
18.125 60.384777784347534
Traceback (most recent call last):
  File "/home/pi/Desktop/data collection.py", line 34, in <module>
    print(read_temp(),time.time()-start_time)
  File "/home/pi/Desktop/data collection.py", line 22, in read_temp
    lines = read_temp_raw()
  File "/home/pi/Desktop/data collection.py", line 17, in read_temp_raw
    lines = f.readlines()
  File "/usr/lib/python3.4/codecs.py", line 310, in decode
    def decode(self, input, final=False):
KeyboardInterrupt
>>> 
