27.375 2.8058300018310547
27.312 3.7658562660217285
27.25 4.725822925567627
27.125 5.685818433761597
27.062 6.645812511444092
26.937 7.605834484100342
26.875 8.565816164016724
26.812 9.52588939666748
26.687 10.485801935195923
26.625 11.445842981338501
26.562 12.445808410644531
26.5 13.365852117538452
26.437 14.32584261894226
26.375 15.285818099975586
26.312 16.245808362960815
26.25 17.205838918685913
26.187 18.16584062576294
26.187 19.125842571258545
26.125 20.085875272750854
26.062 21.045852184295654
26.062 22.005844831466675
26.0 22.96584916114807
26.0 23.925800323486328
25.937 24.885819911956787
25.937 25.845821380615234
25.875 26.805813312530518
25.875 27.76582384109497
25.812 28.725802421569824
25.812 29.68582010269165
25.812 30.645822525024414
25.75 31.605812549591064
25.75 32.565837144851685
25.75 33.525832414627075
25.687 34.48582744598389
25.687 35.445838928222656
25.687 36.4058141708374
25.687 37.36581063270569
25.625 38.32581686973572
25.625 39.28581142425537
25.625 40.24584341049194
25.625 41.20582818984985
25.562 42.16581130027771
25.562 43.16581106185913
25.562 44.085835456848145
25.562 45.04580283164978
25.562 46.005841970443726
25.562 46.96579909324646
25.562 47.92579960823059
25.5 48.885843992233276
25.5 49.845802307128906
25.5 50.80583143234253
25.5 51.76581597328186
25.5 52.725820541381836
25.5 53.68581557273865
25.5 54.64584994316101
25.5 55.605814695358276
25.437 56.56584715843201
25.437 57.526164054870605
25.437 58.48580980300903
25.437 59.44581651687622
25.437 60.405811071395874
25.437 61.36582899093628
25.437 62.3258261680603
25.437 63.28582692146301
25.437 64.2458188533783
25.437 65.2058436870575
25.375 66.1657989025116
25.437 67.12587857246399
25.375 68.08586621284485
Traceback (most recent call last):
  File "/home/pi/Desktop/data collection.py", line 34, in <module>
    print(read_temp(),time.time()-start_time)
  File "/home/pi/Desktop/data collection.py", line 22, in read_temp
    lines = read_temp_raw()
  File "/home/pi/Desktop/data collection.py", line 17, in read_temp_raw
    lines = f.readlines()
  File "/usr/lib/python3.4/codecs.py", line 310, in decode
    def decode(self, input, final=False):
KeyboardInterrupt
>>> 
