26.562 2.7884559631347656
27.375 3.748441696166992
28.312 4.708424091339111
29.125 5.668396472930908
29.937 6.628405809402466
30.687 7.5883941650390625
31.437 8.548394203186035
32.125 9.50845456123352
32.75 10.46836233139038
33.312 11.428340673446655
33.812 12.388355255126953
34.375 13.348355531692505
34.812 14.308335304260254
35.312 15.268372535705566
35.75 16.228354454040527
36.125 17.18834400177002
36.5 18.14836072921753
36.875 19.10835886001587
37.187 20.068329334259033
37.5 21.028367280960083
37.812 21.9884192943573
38.062 22.948453903198242
38.312 23.908432245254517
38.625 24.868407011032104
38.812 25.828420162200928
39.062 26.788494348526
39.25 27.74841046333313
39.437 28.708415031433105
39.687 29.668434858322144
39.812 30.628424882888794
40.0 31.588340520858765
40.187 32.548338174819946
40.375 33.50833296775818
40.5 34.468323707580566
40.625 35.42840504646301
40.812 36.38839673995972
40.937 37.34851121902466
41.062 38.308401107788086
41.125 39.26847791671753
41.25 40.22846055030823
41.375 41.1884548664093
41.5 42.14844346046448
41.562 43.108630418777466
41.687 44.06842303276062
41.75 45.02842116355896
41.875 45.98842000961304
41.937 46.948415994644165
42.0 47.90847110748291
42.062 48.868324279785156
42.187 49.82833123207092
42.25 50.7883665561676
42.312 51.74837136268616
42.375 52.70832872390747
42.437 53.66835165023804
42.437 54.62834334373474
42.5 55.5883412361145
42.562 56.548344135284424
42.625 57.50835347175598
42.687 58.46836256980896
42.687 59.428364992141724
42.75 60.38832497596741
Traceback (most recent call last):
  File "/home/pi/Desktop/data collection.py", line 34, in <module>
    print(read_temp(),time.time()-start_time)
  File "/home/pi/Desktop/data collection.py", line 22, in read_temp
    lines = read_temp_raw()
  File "/home/pi/Desktop/data collection.py", line 17, in read_temp_raw
    lines = f.readlines()
  File "/usr/lib/python3.4/codecs.py", line 310, in decode
    def decode(self, input, final=False):
KeyboardInterrupt
>>> 
