26.937 0.8859043121337891
27.187 1.845850944519043
27.375 2.8060619831085205
27.625 3.7658801078796387
27.812 4.7258665561676025
28.062 5.685853719711304
28.25 6.645900249481201
28.437 7.6058454513549805
28.625 8.565844535827637
28.812 9.525805950164795
29.0 10.485795497894287
29.125 11.445844650268555
29.25 12.405829429626465
29.375 13.365823984146118
29.5 14.325827598571777
29.625 15.285835027694702
29.75 16.24581480026245
29.875 17.20582890510559
29.937 18.165794134140015
30.062 19.125797748565674
30.187 20.08576989173889
30.25 21.04584765434265
30.312 22.00587224960327
30.375 22.966216802597046
30.437 23.925859451293945
30.562 24.885849237442017
30.625 25.845852851867676
30.687 26.806060314178467
30.75 27.765847206115723
30.812 28.7258403301239
30.875 29.68583655357361
30.937 30.64583158493042
31.0 31.606159687042236