27.625 1.8617050647735596
27.875 2.8216724395751953
28.187 3.7816696166992188
28.5 4.741656303405762
28.812 5.701664924621582
29.125 6.701899766921997
29.375 7.701961994171143
29.562 8.661677122116089
29.812 9.621657133102417
30.0 10.581727743148804
30.187 11.541707277297974
30.375 12.501851797103882
30.5 13.461660146713257
30.687 14.421694278717041
30.812 15.381689548492432
30.937 16.341726779937744
31.062 17.301666736602783
31.187 18.261725902557373
31.312 19.22172784805298
31.375 20.181745529174805
31.5 21.141671657562256
31.562 22.111726760864258
31.687 23.061731100082397
31.75 24.021929264068604
31.812 24.981674909591675
31.875 25.94170331954956
32.0 26.901681423187256
32.0 27.861748933792114
32.062 28.821658849716187
32.125 29.78174924850464
32.187 30.741683959960938
32.25 31.701711893081665
32.312 32.66170048713684
32.312 33.621745109558105
32.375 34.581690311431885
32.437 35.54169845581055
32.437 36.501935958862305
32.5 37.46169328689575
32.5 38.42162752151489
32.562 39.38163423538208
32.625 40.34162783622742
32.625 41.30178737640381
32.625 42.261749505996704
32.687 43.221710205078125
32.75 45.0616979598999
32.75 46.02169132232666
32.812 46.98167967796326
32.812 47.941686391830444
32.812 48.90166711807251
32.812 49.861706256866455
32.875 50.82166337966919
32.875 51.7816858291626
32.875 52.74201536178589
32.937 53.70169949531555
32.937 54.661717653274536
32.937 55.62165117263794
32.937 56.58171057701111
32.937 57.54164505004883
33.0 58.50166153907776
33.0 59.461984157562256