28.375 0.9123315811157227
28.687 1.87229323387146
29.0 2.832277297973633
29.437 3.792235851287842
29.75 4.752211570739746
30.062 5.712202310562134
30.375 6.672186374664307
30.687 7.632197856903076
30.937 8.59221625328064
31.187 9.552231073379517
31.437 10.512263774871826
31.687 11.472232580184937
31.875 12.432227849960327
32.062 13.392224073410034
32.25 14.352216005325317
32.437 15.31224536895752
32.562 16.272223234176636
32.687 17.23221445083618
32.875 18.192198038101196
33.0 19.15221095085144
33.125 20.112194538116455
33.25 21.072197675704956
33.375 22.03226923942566
33.437 22.99222469329834
33.562 23.952231645584106
33.687 24.912209033966064
33.75 25.872199296951294
33.812 26.832178592681885
33.937 27.792181730270386
34.062 29.632214069366455
34.187 30.672233819961548
34.25 31.63222885131836