27.312 0.9385430812835693
27.312 1.8984124660491943
27.625 2.8584461212158203
28.25 3.8184685707092285
28.937 4.77842378616333
29.562 5.738439083099365
30.125 6.698474407196045
30.687 7.658425331115723
31.187 8.61843752861023
31.625 9.578477144241333
32.062 10.53849482536316
32.437 11.498491525650024
32.812 12.458478689193726
33.125 13.418447256088257
33.437 14.378454208374023
33.687 15.33847951889038
34.0 16.2984721660614
34.187 17.258451461791992
34.437 18.218454360961914
34.625 19.178473711013794
34.812 20.138447761535645
35.0 21.098511695861816
35.187 22.05845332145691
35.312 23.018486738204956
35.5 23.978469610214233
35.625 24.93847918510437
35.75 25.898427724838257
35.875 26.858447790145874
36.0 27.818444967269897
36.125 28.778456449508667
36.25 29.738433837890625
36.375 30.698481798171997