31.75 0.8679814338684082
31.812 1.8279850482940674
31.875 2.78792142868042
32.312 3.747973680496216
32.812 4.70800518989563
33.375 5.667892217636108
33.937 6.627889394760132
34.437 7.587880849838257
34.937 8.547903060913086
35.375 9.50788140296936
35.812 10.467870473861694
36.25 11.427879571914673
36.625 12.38787841796875
37.0 13.347901105880737
37.375 14.307907581329346
37.687 15.267947435379028
38.0 16.227912664413452
38.312 17.187910318374634
38.562 18.147881984710693
38.812 19.107873678207397
39.062 20.06797456741333
39.312 21.027889728546143
39.5 21.988200187683105
39.75 22.9490966796875
39.937 23.907959699630737
40.125 24.867947340011597
40.312 25.827953338623047
40.5 26.78836154937744
40.687 27.747939348220825
40.812 28.70835018157959
41.0 29.668476343154907
41.125 30.627874851226807
41.25 31.58819603919983
41.437 32.54790186882019
41.562 33.50813865661621
41.687 34.46788001060486
41.75 35.42792344093323
41.875 36.38790249824524
42.0 37.34819531440735
42.062 38.30788445472717
42.187 39.267935276031494
42.25 40.22797346115112
42.375 41.18812966346741
42.437 42.14855480194092
42.5 43.10826897621155
42.625 44.06798553466797
42.687 45.02796030044556
42.75 45.98796534538269
42.812 46.94791126251221
42.875 47.90787148475647
42.937 48.867905139923096
43.0 49.827913761138916
43.0 50.788026332855225
43.062 51.74819588661194
43.125 52.70792317390442
43.125 53.66791796684265
43.187 54.62791419029236
43.25 55.587908029556274
43.312 56.547924518585205
43.312 57.50798797607422
43.375 58.46795725822449
43.375 59.42790675163269
43.375 60.38799476623535