28.312 0.8717191219329834
29.187 1.8317039012908936
30.062 2.7916572093963623
30.937 3.751685380935669
31.75 4.7116780281066895
32.5 5.671681642532349
33.187 6.631676912307739
33.875 7.591658592224121
34.5 8.55165696144104
35.062 9.511727809906006
35.625 10.471733093261719
36.125 11.431718111038208
36.625 12.391710758209229
37.125 13.351717233657837
37.562 14.311776638031006
37.937 15.271784782409668
38.375 16.231786251068115
38.687 17.19171977043152
39.062 18.15175437927246
39.375 19.11179280281067
39.687 20.071750164031982
40.0 21.03175973892212
40.312 21.991758584976196
40.562 22.95172619819641
40.812 23.911743879318237
41.062 24.871666431427002
41.312 25.831678867340088
41.562 26.791667222976685
41.75 27.75171136856079