26.375 0.9318044185638428
26.375 1.8917784690856934
26.5 2.851738452911377
27.437 3.811746597290039
28.562 4.771713972091675
29.75 5.731755971908569
30.812 6.691737174987793
31.875 7.651752233505249
32.812 8.611721754074097
33.687 9.57167387008667
34.5 10.531660079956055
35.312 11.491646528244019
36.0 12.451632738113403
36.625 13.45164442062378
37.312 14.451643466949463
37.875 15.411636352539062
38.375 16.371633768081665
38.875 17.33161950111389
39.312 18.291656494140625
39.812 19.2516770362854
40.187 20.21165132522583
40.562 21.171674251556396
40.937 22.131656646728516
41.312 23.09165668487549
41.625 24.05224633216858
41.937 25.011616468429565
41.937 25.971642017364502
42.562 26.931650638580322
42.812 27.89167618751526
43.062 28.85161828994751
43.375 29.81171178817749
43.562 30.7716965675354
43.812 31.731643676757812
44.062 32.69160461425781
44.25 33.65164041519165
44.5 34.61163306236267
44.687 35.571624517440796
44.875 36.53164219856262
45.062 37.491633892059326
45.25 38.451658487319946
45.375 39.411667346954346
45.562 40.37166666984558