27.5 0.8629274368286133
28.5 1.8231606483459473
29.687 2.7828803062438965
30.937 3.7429094314575195
32.0 4.70318603515625
33.062 5.662905693054199
34.0 6.622881174087524
34.875 7.582875490188599
35.625 8.542830228805542
36.375 9.502864122390747
37.687 11.342877864837646
38.25 12.302854299545288
38.812 13.262842655181885
39.312 14.2237708568573
39.812 15.182886838912964
40.312 16.142818450927734
40.687 17.102814197540283
41.125 18.062817573547363
41.562 19.022866249084473
41.875 19.982910633087158
42.25 20.942832231521606
42.625 21.90282392501831
42.937 22.862829446792603
43.25 23.822802782058716
43.562 24.782814741134644
43.875 25.74283504486084
44.125 26.70286726951599
44.437 27.662837505340576
44.687 28.622829914093018
44.875 29.58281707763672
45.125 30.542821884155273