27.625 0.8710076808929443
27.812 1.8309504985809326
28.562 2.7909388542175293
29.687 3.7509703636169434
30.75 4.7109575271606445
31.812 5.670967102050781
32.812 6.630964279174805
33.687 7.59096097946167
34.562 8.55094313621521
35.437 9.510996103286743
36.187 10.470947504043579
36.875 11.430974960327148
37.562 12.390956163406372
38.187 13.35096025466919
38.812 14.310937643051147
39.437 15.271007061004639
39.937 16.230965852737427
40.5 17.191269874572754
40.937 18.15094804763794
41.437 19.111085176467896
41.875 20.0709490776062
42.312 21.03097152709961
42.687 21.990944862365723
43.125 22.950948238372803
43.437 23.91098928451538
43.812 24.871355533599854
44.125 25.831037282943726
44.5 26.791254997253418
44.75 27.751271724700928
45.062 28.711002349853516
45.312 29.67099642753601
45.562 30.631026029586792