27.625 0.8698298931121826
28.0 1.8297536373138428
29.062 2.7897627353668213
30.375 3.7498350143432617
31.625 4.709770441055298
32.812 5.669779062271118
33.875 6.629769325256348
34.875 7.589772462844849
35.812 8.549769639968872
36.687 9.509721279144287
37.5 10.469743728637695
38.187 11.429720640182495
38.875 12.389740228652954
39.5 13.349717617034912
40.125 14.30971884727478
40.625 15.26977014541626
41.125 16.229734897613525
41.625 17.189778566360474
42.062 18.14974045753479
42.5 19.110042095184326
42.937 20.069777011871338
43.375 21.029818058013916
43.75 21.989765644073486
44.125 22.94991135597229
44.437 23.909785747528076
44.812 24.869719982147217
45.125 25.829747200012207
45.5 26.790032386779785
45.75 27.750011444091797
46.062 28.70974040031433
46.375 29.66995596885681
46.625 30.629762411117554