27.187 0.866356372833252
27.25 1.8263483047485352
27.437 2.78629994392395
28.5 3.7463436126708984
29.875 4.706302881240845
31.25 5.666297435760498
32.5 6.626297235488892
33.687 7.586300611495972
34.812 8.54631757736206
35.812 9.50627088546753
36.75 10.466257572174072
37.625 11.42625904083252
38.375 12.386268377304077
39.125 13.34625768661499
39.75 14.306246519088745
40.375 15.266270875930786
41.0 16.226255416870117
41.562 17.186229705810547
42.062 18.146238088607788
42.562 19.10624408721924
43.062 20.066243648529053
43.437 21.02645444869995
43.875 21.986411571502686
44.312 22.946519374847412
44.687 23.90621042251587
45.0 24.866222620010376
45.375 25.826375007629395
45.75 26.786566972732544
46.062 27.74629831314087
46.312 28.70628833770752
46.625 29.666330575942993
46.875 30.626300811767578
47.187 31.586215019226074
47.437 32.546342611312866
47.687 33.50622200965881