27.062 0.9351396560668945
27.062 1.895085334777832
27.062 2.8551127910614014
27.5 3.8151187896728516
28.75 4.775132894515991
30.062 5.735113620758057
31.375 6.695101976394653
32.562 7.65511155128479
33.687 8.615091562271118
34.687 9.57508659362793
35.625 10.535088300704956
36.562 11.49508547782898
37.375 12.455076694488525
38.187 13.415092468261719
38.875 14.375083684921265
39.562 15.335105895996094
40.187 16.295103073120117
40.812 17.255099296569824
41.375 18.215070486068726
41.875 19.17508316040039
42.375 20.135071992874146
42.875 21.095091104507446
43.312 22.055084466934204
43.75 23.015079498291016
44.125 23.97515082359314
44.562 24.935230493545532
44.937 25.895233392715454
45.25 26.85513997077942
45.625 27.81513476371765
45.937 28.775128602981567
46.25 29.73508906364441
46.562 30.695167541503906
46.875 31.655408143997192