27.312 0.9378914833068848
27.312 1.8978362083435059
28.0 2.8578298091888428
29.312 3.8178515434265137
30.875 4.7778661251068115
32.375 5.737888336181641
33.75 6.697817802429199
35.0 7.657834529876709
36.187 8.61785364151001
37.25 9.577855587005615
38.25 10.53785228729248
39.187 11.497866868972778
40.0 12.457854270935059
40.812 13.417839765548706
41.5 14.377835988998413
42.187 15.337848901748657
42.812 16.297890663146973
43.437 17.257857084274292
44.0 18.217849731445312
44.5 19.17785406112671
45.0 20.137836694717407
45.5 21.097867965698242
45.937 22.057849884033203
46.375 23.018242359161377
46.75 23.9778573513031
47.125 24.937885999679565
47.5 25.897841691970825
47.812 26.857839822769165
48.125 27.817832231521606
48.437 28.777846336364746
48.75 29.737842082977295
49.312 31.577866792678833
49.562 32.53786373138428
49.812 33.49786067008972
50.062 34.45784068107605
50.312 35.417840242385864
50.562 36.377861738204956
50.75 37.33785367012024
51.0 38.297873735427856
51.125 39.257859230041504
51.375 40.217838287353516