28.25 0.915679931640625
28.875 1.87562894821167
30.062 2.8356242179870605
31.5 3.79560923576355
32.875 4.755613327026367
34.187 5.7156641483306885
35.375 6.675687074661255
36.5 7.635669946670532
37.5 8.595669031143188
38.437 9.555634498596191
39.312 10.515653371810913
40.187 11.475645780563354
40.937 12.435645818710327
41.687 13.395630359649658
42.312 14.355650901794434
42.937 15.315650463104248
43.562 16.275654554367065
44.125 17.23571515083313
44.687 18.195661544799805
45.187 19.155693292617798
45.687 20.115623950958252
46.125 21.075642585754395
46.562 22.03566312789917
47.0 22.995661735534668
47.375 23.955719232559204
47.75 24.915672063827515
48.125 25.87563705444336
48.5 26.835634469985962
48.875 27.795671939849854
49.187 28.75564479827881
49.5 29.71565818786621
49.812 30.675647974014282
50.062 31.63563823699951
50.375 32.595627546310425
50.625 33.55561065673828
50.875 34.51560926437378
51.062 35.47566199302673
51.312 36.435648679733276
51.5 37.39564824104309
51.75 38.35562825202942
51.937 39.31562089920044
52.125 40.275636196136475
52.312 41.23617649078369