27.437 0.8902060985565186
28.0 1.8500964641571045
29.187 2.8101532459259033
30.687 3.7701492309570312
32.187 4.730133295059204
33.562 5.690122842788696
34.937 6.650119304656982
36.125 7.610114574432373
37.25 8.570128202438354
38.312 9.530144453048706
39.312 10.490118265151978
40.187 11.450199127197266
41.062 12.410122156143188
41.812 13.370147466659546
42.562 14.330142498016357
43.25 15.290229797363281
43.875 16.250144243240356
44.5 17.210144519805908
45.062 18.17014479637146
45.562 19.13025736808777
46.125 20.090324878692627
46.562 21.050407886505127
47.062 22.01014471054077
47.5 22.97014546394348
47.937 23.930155277252197
48.312 24.890241384506226
48.312 25.850155115127563
49.0 26.85070490837097
49.437 27.850255250930786
49.75 28.811405181884766
50.062 29.770631313323975
50.375 30.730287313461304
50.687 31.690322160720825
50.937 32.65060091018677
51.25 33.61082220077515
51.437 34.57013654708862
51.687 35.530627965927124
51.937 36.490280866622925
52.187 37.450411796569824
52.375 38.41029739379883
52.562 39.370360374450684
52.75 40.33138132095337
53.0 41.29069185256958
53.125 42.250746726989746
53.312 43.210572481155396
53.5 44.17048120498657
53.625 45.13067650794983
53.812 46.09057879447937
53.937 47.0505895614624
54.062 48.01022720336914
54.187 48.97067093849182
54.312 49.930394411087036