30.312 0.8753201961517334
31.812 1.8352749347686768
33.312 2.7952475547790527
34.75 3.7552506923675537
36.125 4.715246677398682
37.437 5.675252914428711
38.625 6.635248422622681
39.75 7.595249652862549
40.812 8.555247783660889
41.812 9.515246629714966
42.687 10.475238561630249
43.625 11.435359001159668
44.437 12.395354270935059
45.187 13.355266332626343
45.937 14.31525206565857
46.625 15.275269031524658
47.25 16.235268592834473
47.875 17.19530987739563
48.437 18.15524411201477
49.0 19.11525583267212
49.5 20.075260162353516
50.0 21.035264492034912
50.437 21.995247840881348
50.875 22.95526361465454
51.312 23.915274381637573
51.687 24.8752920627594
52.062 25.835265159606934
52.437 26.7952663898468
52.75 27.755277395248413
53.062 28.715274572372437
53.375 29.675263166427612
53.625 30.635274171829224
53.937 31.59526252746582
54.187 32.55530071258545
54.437 33.51528239250183
54.687 34.475421667099
54.875 35.435253620147705
55.125 36.39523434638977
55.312 37.35528588294983
55.5 38.3156418800354
55.687 39.27552843093872
55.875 40.23526573181152
56.062 41.19530701637268
56.25 42.15534162521362
56.375 43.11552667617798
56.562 44.07550001144409
56.687 45.03552722930908
56.812 45.995519161224365
56.937 46.955570697784424
57.0 47.915289640426636
57.125 48.875438928604126
57.25 49.83529233932495
57.375 50.795276165008545
57.437 51.755290031433105
57.562 52.71527028083801
57.687 53.67527365684509
57.75 54.63525414466858
57.75 55.59536051750183
57.875 56.55533981323242
57.937 57.51554822921753
58.0 58.47526168823242
58.062 59.435250997543335
58.125 60.39522838592529
58.187 61.355342626571655
58.25 62.31524729728699
58.312 63.275554180145264
58.375 64.23524713516235
58.375 65.19531846046448
58.437 66.15547966957092
58.5 67.11534404754639
58.5 68.07525730133057
58.562 69.0352373123169
58.562 69.9952552318573
58.625 70.95555853843689
58.625 71.91526460647583
58.625 72.87570261955261
58.687 73.8352427482605
58.687 74.79528975486755
58.75 75.7554440498352
58.75 76.71531224250793
58.75 77.67524266242981
58.812 78.63531303405762
58.812 79.59523057937622
58.812 80.55534505844116
58.812 81.51524114608765
58.812 82.475656747818