28.062 1.8862879276275635
27.5 2.84625506401062
26.937 3.8062922954559326
26.375 4.766358852386475
25.812 5.726280450820923
25.312 6.686361789703369
24.812 7.646280288696289
24.375 8.606279134750366
23.937 9.566258668899536
23.5 10.526298522949219
23.125 11.486266374588013
22.812 12.446292161941528
22.437 13.406248807907104
22.125 14.366293668746948
21.812 15.326269388198853
21.5 16.28630828857422
21.187 17.24623703956604
20.937 18.206650018692017
20.687 19.16620707511902
20.5 20.126190900802612
20.25 21.08621311187744
20.0 22.046189546585083
19.875 23.006203413009644
19.625 23.9661762714386
19.437 24.926188468933105
19.25 25.886194229125977
19.125 26.846171617507935
18.937 27.806188583374023
18.812 28.766241788864136
18.687 29.726183652877808
18.562 30.686169862747192
18.437 31.646191358566284
18.312 32.60616064071655
18.187 33.56618571281433
18.062 34.52619385719299
17.937 35.486199617385864
17.875 36.44616222381592
17.812 37.40618276596069
17.687 38.366185903549194
17.562 39.326199769973755
17.562 40.2861852645874
17.437 41.246182918548584
17.375 42.20617175102234
17.312 43.166173696517944
17.25 44.126166582107544
17.187 45.08617377281189
17.125 46.046173095703125
17.062 47.00617289543152
17.0 47.96616578102112
16.937 48.92615485191345
16.875 49.88617444038391
16.875 50.846158266067505
16.812 51.80619502067566
16.75 52.76620101928711
16.75 53.72617697715759
16.687 54.6862006187439
16.625 55.646175384521484
16.625 56.60617518424988
16.562 57.566198110580444
16.562 58.52621006965637
16.562 59.48620295524597
16.5 60.44621658325195