27.75 0.9014565944671631
27.937 1.8614184856414795
28.437 2.8213953971862793
29.062 3.7813611030578613
29.75 4.781358480453491
30.375 5.701420783996582
30.937 6.6613991260528564
31.437 7.621396541595459
31.937 8.581378698348999
32.375 9.541368246078491
32.812 10.501370906829834
33.25 11.461362600326538
33.625 12.421380043029785
34.0 13.381368637084961
34.312 14.341360569000244
34.625 15.301491975784302
34.937 16.261379957199097
35.187 17.22136402130127
35.437 18.181362867355347
35.687 19.141400575637817
35.875 20.101388931274414
36.125 21.061370849609375
36.312 22.0213623046875
36.5 22.981372833251953
36.687 23.94137692451477
36.812 24.90138030052185
37.0 25.86140513420105
37.125 26.821407556533813
37.312 27.781363010406494