24.937 0.8621861934661865
25.187 1.8221325874328613
25.687 2.7821130752563477
26.5 3.742169141769409
27.25 4.702134847640991
28.0 5.662206411361694
28.687 6.622201681137085
29.312 7.582203149795532
29.875 8.542189836502075
30.437 9.502179384231567
31.0 10.462188243865967
31.437 11.422175407409668
31.937 12.382185459136963
32.375 13.342174053192139
32.812 14.302151679992676
33.187 15.26219129562378
33.562 16.222135066986084
33.875 17.182120323181152
34.25 18.142108917236328
34.562 19.10211944580078
34.875 20.06209707260132
35.125 21.022135972976685
35.437 21.982120037078857
35.687 22.942192792892456
35.937 23.902127027511597
36.187 24.86209487915039
36.437 25.82213544845581
36.625 26.782095909118652
36.812 27.742109060287476
37.0 28.70211625099182
37.25 29.66209650039673
37.437 30.62212109565735