27.812 0.9335875511169434
28.812 1.8934245109558105
29.812 2.853694438934326
30.75 3.8134891986846924
31.687 4.773465633392334
32.5 5.7334675788879395
33.312 6.693401098251343
34.062 7.653670072555542
34.75 8.61340594291687
35.375 9.573439836502075
36.0 10.533431053161621
36.562 11.493402242660522
37.125 12.453367233276367
37.625 13.413374185562134
38.125 14.373355865478516
38.562 15.33336067199707
38.937 16.293357849121094
39.312 17.253382205963135
39.75 18.213364124298096
40.125 19.17337393760681
40.437 20.133363962173462
40.75 21.093351125717163
41.062 22.05338430404663
41.375 23.013388872146606
41.625 23.973458528518677
41.937 24.933446884155273
42.187 25.893416166305542
42.437 26.853395700454712
42.625 27.813443899154663
42.875 28.77338480949402
43.062 29.733432292938232
43.25 30.693432331085205