28.687 0.9381921291351318
29.625 1.8981199264526367
30.562 2.858109712600708
31.437 3.818094491958618
32.312 4.778095722198486
33.187 5.7381203174591064
34.0 6.698100328445435
34.75 7.658113241195679
35.562 8.618087768554688
36.312 9.57817006111145
37.062 10.53824257850647
37.75 11.498144388198853
38.437 12.458176136016846
39.062 13.418158531188965
39.625 14.378155946731567
40.125 15.338145971298218
40.625 16.298241138458252
41.125 17.258161544799805
41.562 18.218195915222168
42.0 19.17818593978882
42.375 20.13819456100464
42.75 21.098195552825928
43.062 22.05820870399475
43.437 23.018167734146118
43.75 23.97826623916626
44.0 24.938164234161377
44.312 25.898111581802368
44.562 26.8581120967865
44.812 27.818422555923462
45.062 28.778181314468384
45.25 29.73836898803711
45.5 30.698181629180908
45.687 31.65817952156067
45.875 32.618176221847534
46.062 33.57825541496277
46.25 34.538235902786255
46.375 35.49812078475952
46.562 36.45815920829773
46.687 37.4181592464447
46.812 38.378445863723755
47.0 39.33817434310913
47.125 40.298500537872314
47.25 41.258272647857666
47.375 42.218130350112915
47.437 43.17953872680664
47.562 44.138192892074585
47.687 45.0981764793396
47.812 46.05815076828003
47.875 47.01819324493408
47.937 47.97815704345703
48.062 48.938169717788696
48.125 49.89811086654663
48.25 50.85812950134277
48.312 51.81812405586243
48.375 52.77816390991211
48.437 53.73816537857056
48.5 54.69818139076233
48.625 55.658241987228394
48.625 56.61817908287048
48.687 57.57818031311035
48.75 58.53817629814148
48.812 59.49813389778137
48.875 60.45815920829773