27.312 0.8902573585510254
27.375 1.8501346111297607
27.875 2.8102028369903564
28.937 3.7701733112335205
30.125 4.730154275894165
31.312 5.690124273300171
32.437 6.650141000747681
33.437 7.61013650894165
34.437 8.570144176483154
35.375 9.530150413513184
36.187 10.49015188217163
36.937 11.450177431106567
37.625 12.41034984588623
38.312 13.370147228240967
38.875 14.330143928527832
39.437 15.29016637802124
40.0 16.250144243240356
40.437 17.210147619247437
40.875 18.170183181762695
41.312 19.130159854888916
41.75 20.0901517868042
42.125 21.05016326904297
42.437 22.01022458076477
42.812 22.970160245895386
43.125 23.93013834953308
43.437 24.89014482498169
43.687 25.850183725357056
44.0 26.810181140899658
44.25 27.77015709877014
44.5 28.810132265090942
44.75 29.7701575756073
45.0 30.730129957199097