27.062 0.8702828884124756
27.312 1.8302216529846191
28.312 2.790241241455078
29.562 3.750261068344116
30.75 4.710246801376343
31.937 5.670262098312378
33.0 6.630249738693237
34.0 7.590240240097046
34.937 8.550241708755493
35.812 9.51026177406311
36.687 10.470227479934692
37.437 11.430232763290405
38.125 12.390243291854858
38.812 13.350215911865234
39.437 14.310214042663574
40.0 15.270239353179932
40.562 16.230257034301758
41.062 17.190237045288086
41.562 18.150238752365112
42.062 19.110209941864014
42.5 20.07023811340332
42.937 21.030629634857178
43.312 21.99025058746338
43.687 22.950230598449707
44.062 23.910241842269897
44.437 24.870221376419067
44.75 25.830284357070923
45.062 26.79052209854126
45.375 27.750226497650146
45.687 28.710225582122803
45.937 29.670302867889404
46.187 30.630226612091064