27.437 0.9050064086914062
27.75 1.8649091720581055
28.687 2.824906349182129
29.875 3.7849032878875732
31.125 4.744863748550415
32.25 5.704902410507202
33.312 6.66489839553833
34.25 7.624980688095093
35.125 8.584938764572144
35.937 9.544955015182495
36.687 10.504976987838745
37.375 11.464960813522339
38.0 12.42493486404419
38.625 13.38491177558899
39.187 14.344933271408081
39.687 15.304908990859985
40.187 16.264921188354492
40.687 17.22493267059326
41.125 18.18499183654785
41.625 19.145018100738525
42.0 20.104955196380615
42.437 21.065032958984375
42.812 22.024932146072388
43.187 22.984951734542847
43.562 23.94519877433777
43.937 24.904951095581055
44.312 25.864990234375
44.625 26.824939966201782
44.937 27.784981966018677
45.25 28.744959354400635
45.562 29.70499324798584
45.875 30.665340662002563