27.562 0.8890197277069092
28.312 1.8489623069763184
29.625 2.8089849948883057
30.875 3.768989324569702
32.125 4.728959083557129
33.25 5.689507007598877
34.312 6.648960113525391
35.312 7.608964443206787
36.25 8.56898307800293
37.125 9.528956174850464
37.875 10.488950252532959
38.687 11.448984622955322
39.375 12.409024477005005
40.0 13.368982315063477
40.625 14.329019784927368
41.187 15.28898000717163
41.75 16.24900722503662
42.312 17.209272861480713
42.812 18.16900372505188
43.25 19.129273414611816
43.75 20.089051246643066
44.187 21.04904556274414
44.625 22.008986234664917
45.0 22.969003915786743
45.375 23.92894959449768
45.75 24.888938665390015
46.125 25.84894847869873
46.437 26.80903148651123
46.75 27.768954515457153
47.062 28.728954076766968
47.375 29.68894648551941
47.687 30.649258136749268
47.937 31.608966588974
48.187 32.56925296783447
48.437 33.52894997596741
48.687 34.48896384239197
48.937 35.448960065841675
49.125 36.40903186798096
49.375 37.36901521682739