27.5 0.9359967708587646
27.625 1.895916223526001
28.5 2.8559255599975586
29.75 3.815929651260376
31.062 4.775951862335205
32.312 5.735929489135742
33.437 6.695928335189819
34.562 7.655932426452637
35.562 8.615942239761353
36.5 9.575939416885376
37.375 10.535953044891357
38.125 11.495944261550903
38.875 12.45593810081482
39.562 13.415944814682007
40.25 14.375962972640991
40.812 15.335936069488525
41.375 16.29596257209778
41.937 17.255963563919067
42.437 18.215951919555664
42.937 19.17595601081848
43.375 20.13593554496765
43.812 21.09596538543701
44.25 22.055947065353394
44.625 23.01603412628174
45.062 23.976043224334717
45.437 24.936047077178955
45.812 25.89603877067566
46.125 26.856027603149414
46.437 27.815988779067993
46.812 28.775930881500244
47.125 29.735936164855957
47.375 30.695926427841187
47.687 31.655961990356445
47.937 32.61594200134277
48.187 33.575937032699585
48.437 34.5359845161438
48.687 35.49606680870056