27.75 0.9120187759399414
27.75 1.871924877166748
28.062 2.8319270610809326
29.187 3.7919135093688965
30.5 4.7519707679748535
31.75 5.711910247802734
32.937 6.671986818313599
34.062 7.6319074630737305
35.187 8.591917514801025
36.25 9.551905870437622
37.187 10.511883735656738
38.062 11.471895694732666
38.875 12.431903600692749
39.625 13.391901969909668
40.375 14.35190200805664
41.062 15.31190538406372
41.687 16.27189588546753
42.25 17.231927394866943
42.812 18.191909790039062
43.375 19.151971340179443
43.875 20.11219573020935
44.312 21.071990489959717
44.812 22.032010078430176
45.25 22.991891384124756
45.625 23.952162742614746
46.0 24.911895036697388
46.375 25.871913194656372
46.75 26.83188796043396
47.062 27.791961193084717
47.437 28.751972436904907
47.687 29.711914539337158
48.0 30.671897172927856
48.312 31.631879091262817
48.562 32.59188985824585
48.812 33.55192756652832
49.062 34.51189041137695
49.312 35.47197771072388