26.937 0.9233555793762207
26.937 1.8832740783691406
27.625 2.8434951305389404
29.062 3.8032734394073486
30.562 4.763287782669067
32.062 5.723299264907837
33.375 6.683271408081055
34.687 7.643278121948242
35.812 8.60327935218811
36.875 9.563272714614868
37.875 10.52327561378479
38.75 11.48328447341919
39.625 12.443270683288574
40.375 13.403280019760132
41.125 14.363283157348633
41.75 15.323280096054077
42.375 16.283304452896118
43.0 17.24329900741577
43.5 18.203279733657837
44.062 19.163416385650635
44.562 20.12332057952881
45.0 21.083311319351196
45.437 22.043240785598755
45.812 23.003323554992676
46.25 23.963606357574463
46.625 24.92321252822876
47.0 25.88320755958557
47.375 26.843218326568604
47.687 27.80321979522705
48.0 28.763269662857056
48.312 29.723259687423706
48.625 30.68320894241333
48.937 31.643210887908936
49.187 32.60320782661438
49.437 33.56323838233948
49.687 34.52321529388428
49.937 35.48322939872742
50.125 36.44322085380554
50.375 37.40321350097656
50.562 38.36321973800659