26.937 0.8660945892333984
26.937 1.825967788696289
26.937 2.7859716415405273
27.812 3.746049404144287
29.312 4.70604944229126
30.875 5.666036367416382
32.312 6.626019239425659
33.625 7.586015701293945
34.875 8.546019315719604
36.0 9.505993127822876
37.062 10.466122388839722
38.0 11.4259352684021
38.937 12.38594102859497
39.75 13.345943450927734
40.5 14.305968523025513
41.25 15.266001224517822
41.875 16.22597646713257
42.562 17.185968160629272
43.125 18.145976066589355
43.625 19.106003046035767
44.187 20.065962314605713
44.625 21.0263614654541
45.125 21.985998153686523
45.562 22.94619846343994
46.0 23.90598154067993
46.437 24.865960359573364
46.812 25.825971364974976
47.187 26.785963773727417
47.562 27.745962619781494
47.875 28.70596694946289
48.187 29.665982961654663
48.5 30.6259548664093
48.812 31.585978507995605
49.062 32.546183347702026
49.375 33.50603365898132
49.625 34.465962171554565
49.875 35.42596197128296
50.062 36.3859384059906
50.312 37.34595441818237
50.5 38.30594563484192
50.75 39.265957832336426
50.937 40.22609210014343
51.125 41.18597865104675
51.312 42.14606714248657