26.937 0.8933825492858887
26.937 1.85331392288208
27.25 2.8133134841918945
28.5 3.7733230590820312
30.125 4.733330488204956
31.625 5.693327903747559
33.062 6.65331244468689
34.375 7.613306283950806
35.562 8.573395729064941
36.687 9.533392906188965
37.687 10.49338674545288
38.625 11.45334529876709
39.5 12.413388729095459
40.312 13.3733549118042
41.062 14.333355188369751
41.812 15.293347835540771
42.437 16.25337505340576
43.062 17.21333336830139
43.687 18.173338174819946
44.25 19.13335657119751
44.75 20.093358755111694
45.25 21.053341150283813
45.687 22.013315200805664
46.187 22.973366260528564
46.625 23.93348264694214
47.0 24.89334988594055
47.437 25.853326559066772
47.812 26.81337547302246
48.125 27.773401021957397
48.5 28.73339557647705
48.812 29.69339942932129
49.125 30.65332531929016
49.437 31.613307237625122
49.687 32.57333159446716
49.937 33.53332328796387
50.25 34.493323802948
50.5 35.45357584953308
50.687 36.413326025009155
50.937 37.373623847961426
51.125 38.333338260650635
51.375 39.29332995414734
51.562 40.2533495426178
51.75 41.213871002197266
51.937 42.333411693573
52.062 43.29387807846069
52.25 44.2533700466156