26.875 0.8735277652740479
26.937 1.8337292671203613
27.812 2.7934534549713135
29.312 3.7534823417663574
30.875 4.713460206985474
32.437 5.673450946807861
33.812 6.6334381103515625
35.125 7.593439340591431
36.312 8.55344009399414
37.437 9.513451099395752
38.437 10.473435878753662
39.375 11.433429479598999
40.25 12.39344596862793
41.062 13.353426933288574
41.75 14.313437938690186
42.5 15.273506879806519
43.187 16.233454704284668
43.75 17.19376277923584
44.375 18.153444290161133
44.937 19.113507986068726
45.437 20.07341957092285
45.937 21.033523559570312
46.437 21.993457794189453
46.875 22.95344376564026
47.312 23.913426160812378
47.687 24.87342357635498
48.062 25.833430290222168
48.437 26.793464183807373
48.812 27.753424882888794
49.125 28.7134211063385
49.437 29.673422813415527
49.75 30.63342595100403
50.062 31.593416452407837
50.375 32.55344367027283
50.687 33.51347541809082
50.937 34.47343397140503
51.187 35.43344593048096
51.375 36.39345097541809
51.625 37.353442668914795
51.875 38.313414335250854
52.062 39.27377796173096
52.25 40.23342037200928
52.437 41.19352149963379
52.625 42.15353870391846
52.812 43.113444089889526
53.0 44.07347512245178
53.125 45.03344798088074