27.0 0.8938503265380859
26.937 1.8538086414337158
27.375 2.8138365745544434
28.562 3.773818254470825
30.125 4.733816862106323
31.75 5.693776369094849
33.187 6.653797626495361
34.562 7.613811016082764
35.812 8.57379674911499
36.937 9.533801317214966
37.937 10.4937903881073
38.937 11.453773975372314
39.812 12.413861751556396
40.687 13.37388825416565
41.437 14.333906173706055
42.125 15.293913125991821
42.875 16.253886222839355
43.5 17.213895082473755
44.125 18.173763036727905
44.75 19.13377356529236
45.25 20.093765258789062
45.812 21.05384612083435
46.312 22.013760805130005
46.812 22.9737606048584
47.312 23.93396759033203
47.75 24.89394235610962
48.187 25.853909730911255
48.562 26.817200899124146
48.937 27.774214029312134
49.312 28.733864307403564
49.625 29.693870782852173
50.0 30.653886795043945
50.312 31.61385154724121
50.625 32.573866844177246
50.937 33.53380489349365
51.187 34.49393439292908
51.5 35.454126596450806
51.75 36.41391849517822
51.937 37.37391519546509
52.187 38.333834409713745
52.437 39.293774366378784
52.625 40.25377702713013
52.875 41.21377348899841
53.062 42.17381834983826
53.25 43.133838415145874
53.437 44.094168186187744
53.625 45.053850412368774
53.812 46.013856410980225